1777211380838 1.478948808312416 0
1777211441566 1.2130299764871597 1
1777211502785 1.1163337417443593 2
1777211565854 1.0543553913633028 3
1777211614673 1.0073200367887816 4
1777211662444 0.9766012950738271 5
1777211710106 0.9421480782826741 6
1777211757118 0.9200033725301424 7
1777211805106 0.8997520698110263 8
1777211852360 0.8813508559266726 9
1777211900081 0.8615272433062394 10
1777211947168 0.8443299641211828 11
1777211994138 0.8276418129106363 12
1777212041509 0.8140800084670384 13
1777212088146 0.8002309811115265 14
1777212135450 0.7910454539954662 15
1777212183219 0.779008144090573 16
1777212230148 0.764839532126983 17
1777212277578 0.7557751013835271 18
1777212324124 0.750908045321703 19
1777212371799 0.7335914382338524 20
1777212425716 0.7220256401598454 21
1777212472906 0.7094114272296429 22
1777212520014 0.707402586042881 23
1777212567072 0.7054159946739673 24
1777211380838 1.478948808312416 0
